  197    89   149   237   292   224   101   122   260   258 
  162   111   191   328   255   245   248   218   190   216 
  143   157   241   227   183   282   216   171   153   210 
  102   203   254   193   161   336   285   246   178   135 
  115   271   202   120   154   236   287   131   122    82 
  207   168   241   180   201   262   243   219   182    85 
  299   317   253   287   278   245   255   228   251   157 
  392   231   193   315   257   209   168   188   257   143 
  359   361   305   347   278   232   130   197   316   237 
  238   285   322   304   265   169    83   158   279   212 
