  199   228   173   245   211   327   293   320   262   253 
  244   235   158   197   228   284   258   237   295   303 
  128   249   217   309   229   383   339   266   298   228 
  200   122   103   242   324   309   194   149   208   329 
  211   253   236   277   235   208   278   253   347   330 
   68   142   143   306   218   306   164   209   222   301 
  189   289   197   316   232   195   174   192   197   326 
  119   254   244   360   230   256   204   243   238   199 
  180   211   186   252   210   181   177   147   265   259 
  164   206   223   257   211   217   302   220   238   117 
